0,0
39,33
0,0,0,-1,0,0,-1,0,0,0,-1,0,0,0,0,-1,0,-1,0,-1,-1,0,-1,0,0,0,0,0,0,0,0,0,0,-1,-1,0,0,-1,0,0
0,0,0,0,-1,0,-1,0,-1,-1,0,0,0,0,-1,0,-1,0,-1,0,0,0,0,0,0,-1,0,0,0,0,0,-1,0,-1,0,0,0,0,0,0
-1,0,0,0,-1,0,-1,0,-1,0,-1,0,0,0,0,0,0,0,-1,0,-1,0,0,0,-1,0,0,-1,0,0,-1,0,0,0,-1,0,0,0,-1,0
0,-1,0,0,-1,0,0,0,-1,0,0,0,-1,0,0,0,0,0,0,-1,0,-1,-1,0,-1,0,-1,0,0,-1,0,-1,0,0,0,0,0,0,0,0
0,0,-1,-1,0,0,-1,0,0,-1,0,0,0,0,0,0,0,0,0,-1,-1,0,-1,0,-1,0,0,0,-1,0,0,0,0,0,0,0,0,0,0,0
-1,0,0,-1,0,0,0,0,-1,-1,-1,0,0,-1,0,0,-1,-1,0,0,0,-1,0,0,0,0,0,0,0,0,0,0,-1,0,0,-1,0,0,-1,-1
0,-1,0,-1,0,0,0,-1,-1,0,0,0,-1,-1,0,0,-1,0,0,0,0,0,0,0,0,0,0,-1,0,0,0,0,0,-1,-1,0,0,0,-1,0
0,0,0,-1,0,0,0,0,0,0,0,0,0,0,0,-1,0,0,-1,0,0,-1,0,0,-1,0,0,0,0,0,0,0,0,0,-1,0,0,-1,-1,-1
0,-1,0,-1,0,0,0,0,0,0,-1,0,0,-1,0,-1,0,0,0,-1,0,0,0,0,-1,0,0,-1,-1,-1,0,0,0,-1,0,0,0,0,0,0
0,0,-1,0,0,-1,-1,0,0,0,0,0,0,-1,0,0,0,0,-1,0,-1,0,0,0,0,0,0,-1,0,-1,0,0,0,0,0,0,0,-1,0,0
0,0,-1,0,-1,0,0,0,0,0,-1,0,0,0,0,-1,0,0,0,0,0,0,0,0,0,0,0,0,-1,0,0,0,-1,0,0,0,0,-1,-1,0
0,0,0,0,-1,-1,0,0,0,0,-1,0,0,-1,-1,0,-1,0,0,0,-1,0,-1,0,0,0,0,-1,-1,-1,0,0,0,0,0,0,0,0,0,0
0,0,0,0,-1,0,0,-1,-1,0,0,0,0,0,-1,0,0,0,-1,-1,0,0,0,0,0,0,0,0,0,0,-1,0,0,0,-1,-1,0,0,0,0
0,0,0,0,0,0,-1,0,0,-1,0,0,0,0,-1,0,-1,0,0,0,0,0,-1,0,-1,0,0,-1,-1,0,0,0,-1,0,0,-1,0,0,0,0
0,0,0,0,-1,0,0,0,-1,-1,-1,0,0,0,0,-1,0,-1,0,0,-1,0,-1,0,-1,0,0,0,0,0,-1,0,0,-1,-1,0,0,0,0,-1
0,-1,0,0,0,0,0,0,-1,0,0,0,0,-1,0,0,-1,-1,0,0,-1,0,-1,0,0,-1,0,0,0,0,0,0,0,0,0,0,0,0,0,-1
-1,0,-1,0,0,0,-1,0,0,0,0,0,0,0,-1,-1,0,0,0,0,0,0,0,-1,0,0,0,0,-1,-1,0,0,0,0,0,-1,0,0,0,0
0,0,-1,-1,-1,0,-1,0,0,0,0,-1,-1,-1,0,0,0,0,0,0,0,0,0,0,-1,0,-1,0,0,0,0,0,0,-1,0,0,-1,-1,0,-1
0,0,0,0,-1,0,-1,0,-1,0,0,0,0,0,0,0,0,0,0,0,0,0,0,0,-1,0,0,0,0,0,-1,0,0,0,0,0,0,0,-1,-1
0,-1,0,0,0,0,0,0,0,0,0,0,0,0,0,0,0,0,0,0,0,0,0,-1,0,0,-1,0,0,0,0,0,0,0,-1,0,-1,0,0,0
0,0,0,0,0,0,-1,0,0,0,-1,0,0,-1,0,-1,-1,0,-1,-1,0,0,0,-1,-1,0,0,0,0,0,0,-1,0,0,0,0,0,0,-1,0
0,0,0,-1,0,0,-1,0,0,0,-1,0,0,0,-1,0,0,-1,0,0,-1,0,0,-1,0,0,0,0,0,0,-1,0,-1,-1,-1,0,-1,0,0,-1
0,0,0,0,0,0,0,-1,0,0,0,0,0,0,0,0,0,0,0,-1,0,0,0,-1,0,0,-1,-1,-1,-1,0,0,0,0,-1,0,0,0,-1,0
0,0,0,0,-1,0,0,0,0,0,0,-1,0,0,0,-1,0,0,0,0,0,0,0,0,0,0,0,0,0,0,0,0,-1,-1,0,-1,0,0,0,0
0,-1,0,0,0,0,-1,0,0,-1,0,0,0,-1,0,0,-1,0,0,0,0,0,-1,-1,0,-1,0,-1,0,0,-1,-1,0,0,0,-1,0,0,0,0
0,0,-1,0,0,0,-1,0,-1,0,0,0,0,0,0,0,0,-1,-1,-1,0,0,0,0,-1,0,-1,-1,0,0,0,0,-1,-1,0,0,-1,0,0,0
0,-1,0,-1,0,0,0,-1,-1,0,0,0,0,0,-1,-1,0,0,-1,0,0,0,0,0,0,-1,0,0,0,0,0,0,0,0,0,-1,-1,0,0,0
0,-1,0,-1,-1,-1,0,-1,0,-1,0,-1,-1,0,-1,0,0,0,0,0,-1,-1,0,0,0,0,0,0,0,0,0,-1,0,0,-1,0,0,-1,0,0
0,0,0,-1,-1,0,0,0,-1,0,0,0,-1,0,0,0,0,0,-1,-1,0,-1,0,0,-1,0,-1,0,0,0,0,-1,-1,-1,0,0,-1,-1,-1,0
0,0,0,0,0,0,0,0,0,0,0,0,0,0,0,0,0,-1,0,0,0,0,0,0,0,-1,0,0,0,0,0,0,0,-1,-1,0,0,0,0,0
-1,0,0,0,0,0,0,0,0,0,0,0,0,0,0,0,0,0,0,0,0,0,0,0,0,-1,0,0,0,0,0,0,0,0,0,0,0,-1,-1,0
0,0,0,0,0,0,0,0,0,0,0,0,0,0,0,0,0,0,0,0,0,0,-1,0,-1,0,-1,0,0,0,0,-1,0,-1,-1,0,0,0,0,-1
-1,0,0,-1,0,0,0,0,0,0,0,0,0,0,0,0,0,0,-1,-1,0,0,-1,0,0,0,0,0,0,0,0,0,0,0,0,0,-1,0,0,0
0,0,0,0,0,0,0,0,0,0,0,0,0,0,-1,-1,0,0,-1,-1,0,-1,0,0,0,0,0,0,0,0,0,0,0,0,0,-1,-1,0,0,0
0,0,0,0,-1,0,0,0,-1,0,0,0,-1,-1,0,-1,-1,-1,0,0,-1,-1,0,0,0,0,0,0,-1,0,-1,0,0,-1,0,0,0,0,-1,0
0,0,0,-1,0,0,-1,0,0,0,-1,0,0,0,0,-1,-1,0,0,0,0,0,0,0,0,-1,-1,0,-1,0,0,0,0,0,0,0,0,0,0,0
0,0,0,0,0,0,0,-1,-1,-1,-1,0,0,0,0,-1,0,0,0,0,-1,0,0,0,-1,0,-1,0,-1,-1,0,0,0,0,0,0,0,-1,0,-1
0,-1,0,0,0,-1,0,0,0,0,0,0,0,-1,0,-1,0,0,0,0,0,0,0,0,0,0,0,0,0,-1,0,0,0,0,-1,-1,0,0,0,0
0,-1,-1,0,-1,-1,0,0,-1,-1,0,0,0,-1,0,0,0,0,-1,0,0,0,0,0,0,-1,-1,0,0,0,0,-1,0,0,0,0,0,0,0,0
0,0,0,-1,0,0,0,0,0,0,0,-1,0,0,-1,0,-1,0,0,-1,0,0,-1,0,-1,-1,0,0,0,0,0,-1,0,0,0,0,0,0,-1,-1
